144
144
61
144
61
22
144
61
22
116
144
61
22
116
154
144
61
22
116
154
3
144
61
22
116
154
3
21
144
61
22
116
154
3
21
1
144
61
22
116
154
3
21
1
191
144
61
22
116
154
3
21
1
191
166
144
61
22
116
154
3
21
1
191
166
105
144
61
22
116
154
3
21
1
191
166
105
94
144
61
22
116
154
3
21
1
191
166
105
94
183
144
61
22
116
154
3
21
1
191
166
105
94
183
192
144
61
22
116
154
3
21
1
191
166
105
94
183
192
169
144
61
22
116
154
3
21
1
191
166
105
94
183
192
169
118
144
61
22
116
154
3
21
1
191
166
105
94
183
192
169
118
97
144
61
22
116
154
3
21
1
191
166
105
94
183
192
169
118
97
93
144
61
22
116
154
3
21
1
191
166
105
94
183
192
169
118
97
93
117
144
61
22
116
154
3
21
1
191
166
105
94
183
192
169
118
97
93
117
115
144
61
22
116
154
3
21
1
191
166
105
94
183
192
169
118
97
93
117
115
124
144
61
22
116
154
3
21
1
191
166
105
94
183
192
169
118
97
93
117
115
124
156
144
61
22
116
154
3
21
1
191
166
105
94
183
192
169
118
97
93
117
115
124
156
137
144
61
22
116
154
3
21
1
191
166
105
94
183
192
169
118
97
93
117
115
124
156
137
31
144
61
22
116
154
3
21
1
191
166
105
94
183
192
169
118
97
93
117
115
124
156
137
31
69
144
61
22
116
154
3
21
1
191
166
105
94
183
192
169
118
97
93
117
115
124
156
137
31
69
152
144
61
22
116
154
3
21
1
191
166
105
94
183
192
169
118
97
93
117
115
124
156
137
31
69
152
119
144
61
22
116
154
3
21
1
191
166
105
94
183
192
169
118
97
93
117
115
124
156
137
31
69
152
119
148
144
61
22
116
154
3
21
1
191
166
105
94
183
192
169
118
97
93
117
115
124
156
137
31
69
152
119
148
141
144
61
22
116
154
3
21
1
191
166
105
94
183
192
169
118
97
93
117
115
124
156
137
31
69
152
119
148
141
5
144
61
22
116
154
3
21
1
191
166
105
94
183
192
169
118
97
93
117
115
124
156
137
31
69
152
119
148
141
5
202
144
61
22
116
154
3
21
1
191
166
105
94
183
192
169
118
97
93
117
115
124
156
137
31
69
152
119
148
141
5
202
139
144
61
22
116
154
3
21
1
191
166
105
94
183
192
169
118
97
93
117
115
124
156
137
31
69
152
119
148
141
5
202
139
210
144
61
22
116
154
3
21
1
191
166
105
94
183
192
169
118
97
93
117
115
124
156
137
31
69
152
119
148
141
5
202
139
210
130
144
61
22
116
154
3
21
1
191
166
105
94
183
192
169
118
97
93
117
115
124
156
137
31
69
152
119
148
141
5
202
139
210
130
26
144
61
22
116
154
3
21
1
191
166
105
94
183
192
169
118
97
93
117
115
124
156
137
31
69
152
119
148
141
5
202
139
210
130
26
171
144
61
22
116
154
3
21
1
191
166
105
94
183
192
169
118
97
93
117
115
124
156
137
31
69
152
119
148
141
5
202
139
210
130
26
171
120
144
61
22
116
154
3
21
1
191
166
105
94
183
192
169
118
97
93
117
115
124
156
137
31
69
152
119
148
141
5
202
139
210
130
26
171
120
161
144
61
22
116
154
3
21
1
191
166
105
94
183
192
169
118
97
93
117
115
124
156
137
31
69
152
119
148
141
5
202
139
210
130
26
171
120
161
175
144
61
22
116
154
3
21
1
191
166
105
94
183
192
169
118
97
93
117
115
124
156
137
31
69
152
119
148
141
5
202
139
210
130
26
171
120
161
175
199
144
61
22
116
154
3
21
1
191
166
105
94
183
192
169
118
97
93
117
115
124
156
137
31
69
152
119
148
141
5
202
139
210
130
26
171
120
161
175
199
29
144
61
22
116
154
3
21
1
191
166
105
94
183
192
169
118
97
93
117
115
124
156
137
31
69
152
119
148
141
5
202
139
210
130
26
171
120
161
175
199
29
41
144
61
22
116
154
3
21
1
191
166
105
94
183
192
169
118
97
93
117
115
124
156
137
31
69
152
119
148
141
5
202
139
210
130
26
171
120
161
175
199
29
41
2
144
61
22
116
154
3
21
1
191
166
105
94
183
192
169
118
97
93
117
115
124
156
137
31
69
152
119
148
141
5
202
139
210
130
26
171
120
161
175
199
29
41
2
153
144
61
22
116
154
3
21
1
191
166
105
94
183
192
169
118
97
93
117
115
124
156
137
31
69
152
119
148
141
5
202
139
210
130
26
171
120
161
175
199
29
41
2
153
4
144
61
22
116
154
3
21
1
191
166
105
94
183
192
169
118
97
93
117
115
124
156
137
31
69
152
119
148
141
5
202
139
210
130
26
171
120
161
175
199
29
41
2
153
4
60
144
61
22
116
154
3
21
1
191
166
105
94
183
192
169
118
97
93
117
115
124
156
137
31
69
152
119
148
141
5
202
139
210
130
26
171
120
161
175
199
29
41
2
153
4
60
194
144
61
22
116
154
3
21
1
191
166
105
94
183
192
169
118
97
93
117
115
124
156
137
31
69
152
119
148
141
5
202
139
210
130
26
171
120
161
175
199
29
41
2
153
4
60
194
52
144
61
22
116
154
3
21
1
191
166
105
94
183
192
169
118
97
93
117
115
124
156
137
31
69
152
119
148
141
5
202
139
210
130
26
171
120
161
175
199
29
41
2
153
4
60
194
52
77
144
61
22
116
154
3
21
1
191
166
105
94
183
192
169
118
97
93
117
115
124
156
137
31
69
152
119
148
141
5
202
139
210
130
26
171
120
161
175
199
29
41
2
153
4
60
194
52
77
127
144
61
22
116
154
3
21
1
191
166
105
94
183
192
169
118
97
93
117
115
124
156
137
31
69
152
119
148
141
5
202
139
210
130
26
171
120
161
175
199
29
41
2
153
4
60
194
52
77
127
200
144
61
22
116
154
3
21
1
191
166
105
94
183
192
169
118
97
93
117
115
124
156
137
31
69
152
119
148
141
5
202
139
210
130
26
171
120
161
175
199
29
41
2
153
4
60
194
52
77
127
200
193
144
61
22
116
154
3
21
1
191
166
105
94
183
192
169
118
97
93
117
115
124
156
137
31
69
152
119
148
141
5
202
139
210
130
26
171
120
161
175
199
29
41
2
153
4
60
194
52
77
127
200
193
39
144
61
22
116
154
3
21
1
191
166
105
94
183
192
169
118
97
93
117
115
124
156
137
31
69
152
119
148
141
5
202
139
210
130
26
171
120
161
175
199
29
41
2
153
4
60
194
52
77
127
200
193
39
131
144
61
22
116
154
3
21
1
191
166
105
94
183
192
169
118
97
93
117
115
124
156
137
31
69
152
119
148
141
5
202
139
210
130
26
171
120
161
175
199
29
41
2
153
4
60
194
52
77
127
200
193
39
131
150
144
61
22
116
154
3
21
1
191
166
105
94
183
192
169
118
97
93
117
115
124
156
137
31
69
152
119
148
141
5
202
139
210
130
26
171
120
161
175
199
29
41
2
153
4
60
194
52
77
127
200
193
39
131
150
196
144
61
22
116
154
3
21
1
191
166
105
94
183
192
169
118
97
93
117
115
124
156
137
31
69
152
119
148
141
5
202
139
210
130
26
171
120
161
175
199
29
41
2
153
4
60
194
52
77
127
200
193
39
131
150
196
67
144
61
22
116
154
3
21
1
191
166
105
94
183
192
169
118
97
93
117
115
124
156
137
31
69
152
119
148
141
5
202
139
210
130
26
171
120
161
175
199
29
41
2
153
4
60
194
52
77
127
200
193
39
131
150
196
67
25
144
61
22
116
154
3
21
1
191
166
105
94
183
192
169
118
97
93
117
115
124
156
137
31
69
152
119
148
141
5
202
139
210
130
26
171
120
161
175
199
29
41
2
153
4
60
194
52
77
127
200
193
39
131
150
196
67
25
78
144
61
22
116
154
3
21
1
191
166
105
94
183
192
169
118
97
93
117
115
124
156
137
31
69
152
119
148
141
5
202
139
210
130
26
171
120
161
175
199
29
41
2
153
4
60
194
52
77
127
200
193
39
131
150
196
67
25
78
96
144
61
22
116
154
3
21
1
191
166
105
94
183
192
169
118
97
93
117
115
124
156
137
31
69
152
119
148
141
5
202
139
210
130
26
171
120
161
175
199
29
41
2
153
4
60
194
52
77
127
200
193
39
131
150
196
67
25
78
96
163
144
61
22
116
154
3
21
1
191
166
105
94
183
192
169
118
97
93
117
115
124
156
137
31
69
152
119
148
141
5
202
139
210
130
26
171
120
161
175
199
29
41
2
153
4
60
194
52
77
127
200
193
39
131
150
196
67
25
78
96
163
95
144
61
22
116
154
3
21
1
191
166
105
94
183
192
169
118
97
93
117
115
124
156
137
31
69
152
119
148
141
5
202
139
210
130
26
171
120
161
175
199
29
41
2
153
4
60
194
52
77
127
200
193
39
131
150
196
67
25
78
96
163
95
54
144
61
22
116
154
3
21
1
191
166
105
94
183
192
169
118
97
93
117
115
124
156
137
31
69
152
119
148
141
5
202
139
210
130
26
171
120
161
175
199
29
41
2
153
4
60
194
52
77
127
200
193
39
131
150
196
67
25
78
96
163
95
54
165
144
61
22
116
154
3
21
1
191
166
105
94
183
192
169
118
97
93
117
115
124
156
137
31
69
152
119
148
141
5
202
139
210
130
26
171
120
161
175
199
29
41
2
153
4
60
194
52
77
127
200
193
39
131
150
196
67
25
78
96
163
95
54
165
177
144
61
22
116
154
3
21
1
191
166
105
94
183
192
169
118
97
93
115
124
156
137
31
69
152
119
