1
1
2
1
2
3
1
2
3
143
1
2
3
143
153
1
2
3
143
153
23
1
2
3
143
153
23
24
1
2
3
143
153
23
24
77
1
2
3
143
153
23
24
77
165
1
2
3
143
153
23
24
77
165
166
1
2
3
143
153
23
24
77
165
166
78
1
2
3
143
153
23
24
77
165
166
78
79
1
2
3
143
153
23
24
77
165
166
78
79
170
1
2
3
143
153
23
24
77
165
166
78
79
170
187
1
2
3
143
153
23
24
77
165
166
78
79
170
187
167
1
2
3
143
153
23
24
77
165
166
78
79
170
187
167
116
1
2
3
143
153
23
24
77
165
166
78
79
170
187
167
116
80
1
2
3
143
153
23
24
77
165
166
78
79
170
187
167
116
80
107
1
2
3
143
153
23
24
77
165
166
78
79
170
187
167
116
80
107
127
1
2
3
143
153
23
24
77
165
166
78
79
170
187
167
116
80
107
127
171
1
2
3
143
153
23
24
77
165
166
78
79
170
187
167
116
80
107
127
171
117
1
2
3
143
153
23
24
77
165
166
78
79
170
187
167
116
80
107
127
171
117
154
1
2
3
143
153
23
24
77
165
166
78
79
170
187
167
116
80
107
127
171
117
154
128
1
2
3
143
153
23
24
77
165
166
78
79
170
187
167
116
80
107
127
171
117
154
128
31
1
2
3
143
153
23
24
77
165
166
78
79
170
187
167
116
80
107
127
171
117
154
128
31
46
1
2
3
143
153
23
24
77
165
166
78
79
170
187
167
116
80
107
127
171
117
154
128
31
46
144
1
2
3
143
153
23
24
77
165
166
78
79
170
187
167
116
80
107
127
171
117
154
128
31
46
144
118
1
2
3
143
153
23
24
77
165
166
78
79
170
187
167
116
80
107
127
171
117
154
128
31
46
144
118
145
1
2
3
143
153
23
24
77
165
166
78
79
170
187
167
116
80
107
127
171
117
154
128
31
46
144
118
145
137
1
2
3
143
153
23
24
77
165
166
78
79
170
187
167
116
80
107
127
171
117
154
128
31
46
144
118
145
137
4
1
2
3
143
153
23
24
77
165
166
78
79
170
187
167
116
80
107
127
171
117
154
128
31
46
144
118
145
137
4
199
1
2
3
143
153
23
24
77
165
166
78
79
170
187
167
116
80
107
127
171
117
154
128
31
46
144
118
145
137
4
199
139
1
2
3
143
153
23
24
77
165
166
78
79
170
187
167
116
80
107
127
171
117
154
128
31
46
144
118
145
137
4
199
139
206
1
2
3
143
153
23
24
77
165
166
78
79
170
187
167
116
80
107
127
171
117
154
128
31
46
144
118
145
137
4
199
139
206
129
1
2
3
143
153
23
24
77
165
166
78
79
170
187
167
116
80
107
127
171
117
154
128
31
46
144
118
145
137
4
199
139
206
129
26
1
2
3
143
153
23
24
77
165
166
78
79
170
187
167
116
80
107
127
171
117
154
128
31
46
144
118
145
137
4
199
139
206
129
26
172
1
2
3
143
153
23
24
77
165
166
78
79
170
187
167
116
80
107
127
171
117
154
128
31
46
144
118
145
137
4
199
139
206
129
26
172
119
1
2
3
143
153
23
24
77
165
166
78
79
170
187
167
116
80
107
127
171
117
154
128
31
46
144
118
145
137
4
199
139
206
129
26
172
119
157
1
2
3
143
153
23
24
77
165
166
78
79
170
187
167
116
80
107
127
171
117
154
128
31
46
144
118
145
137
4
199
139
206
129
26
172
119
157
188
1
2
3
143
153
23
24
77
165
166
78
79
170
187
167
116
80
107
127
171
117
154
128
31
46
144
118
145
137
4
199
139
206
129
26
172
119
157
188
200
1
2
3
143
153
23
24
77
165
166
78
79
170
187
167
116
80
107
127
171
117
154
128
31
46
144
118
145
137
4
199
139
206
129
26
172
119
157
188
200
29
1
2
3
143
153
23
24
77
165
166
78
79
170
187
167
116
80
107
127
171
117
154
128
31
46
144
118
145
137
4
199
139
206
129
26
172
119
157
188
200
29
32
1
2
3
143
153
23
24
77
165
166
78
79
170
187
167
116
80
107
127
171
117
154
128
31
46
144
118
145
137
4
199
139
206
129
26
172
119
157
188
200
29
32
47
1
2
3
143
153
23
24
77
165
166
78
79
170
187
167
116
80
107
127
171
117
154
128
31
46
144
118
145
137
4
199
139
206
129
26
172
119
157
188
200
29
32
47
152
1
2
3
143
153
23
24
77
165
166
78
79
170
187
167
116
80
107
127
171
117
154
128
31
46
144
118
145
137
4
199
139
206
129
26
172
119
157
188
200
29
32
47
152
11
1
2
3
143
153
23
24
77
165
166
78
79
170
187
167
116
80
107
127
171
117
154
128
31
46
144
118
145
137
4
199
139
206
129
26
172
119
157
188
200
29
32
47
152
11
81
1
2
3
143
153
23
24
77
165
166
78
79
170
187
167
116
80
107
127
171
117
154
128
31
46
144
118
145
137
4
199
139
206
129
26
172
119
157
188
200
29
32
47
152
11
81
193
1
2
3
143
153
23
24
77
165
166
78
79
170
187
167
116
80
107
127
171
117
154
128
31
46
144
118
145
137
4
199
139
206
129
26
172
119
157
188
200
29
32
47
152
11
81
193
48
1
2
3
143
153
23
24
77
165
166
78
79
170
187
167
116
80
107
127
171
117
154
128
31
46
144
118
145
137
4
199
139
206
129
26
172
119
157
188
200
29
32
47
152
11
81
193
48
68
1
2
3
143
153
23
24
77
165
166
78
79
170
187
167
116
80
107
127
171
117
154
128
31
46
144
118
145
137
4
199
139
206
129
26
172
119
157
188
200
29
32
47
152
11
81
193
48
68
125
1
2
3
143
153
23
24
77
165
166
78
79
170
187
167
116
80
107
127
171
117
154
128
31
46
144
118
145
137
4
199
139
206
129
26
172
119
157
188
200
29
32
47
152
11
81
193
48
68
125
201
1
2
3
143
153
23
24
77
165
166
78
79
170
187
167
116
80
107
127
171
117
154
128
31
46
144
118
145
137
4
199
139
206
129
26
172
119
157
188
200
29
32
47
152
11
81
193
48
68
125
201
194
1
2
3
143
153
23
24
77
165
166
78
79
170
187
167
116
80
107
127
171
117
154
128
31
46
144
118
145
137
4
199
139
206
129
26
172
119
157
188
200
29
32
47
152
11
81
193
48
68
125
201
194
33
1
2
3
143
153
23
24
77
165
166
78
79
170
187
167
116
80
107
127
171
117
154
128
31
46
144
118
145
137
4
199
139
206
129
26
172
119
157
188
200
29
32
47
152
11
81
193
48
68
125
201
194
33
130
1
2
3
143
153
23
24
77
165
166
78
79
170
187
167
116
80
107
127
171
117
154
128
31
46
144
118
145
137
4
199
139
206
129
26
172
119
157
188
200
29
32
47
152
11
81
193
48
68
125
201
194
33
130
146
1
2
3
143
153
23
24
77
165
166
78
79
170
187
167
116
80
107
127
171
117
154
128
31
46
144
118
145
137
4
199
139
206
129
26
172
119
157
188
200
29
32
47
152
11
81
193
48
68
125
201
194
33
130
146
196
1
2
3
143
153
23
24
77
165
166
78
79
170
187
167
116
80
107
127
171
117
154
128
31
46
144
118
145
137
4
199
139
206
129
26
172
119
157
188
200
29
32
47
152
11
81
193
48
68
125
201
194
33
130
146
196
69
1
2
3
143
153
23
24
77
165
166
78
79
170
187
167
116
80
107
127
171
117
154
128
31
46
144
118
145
137
4
199
139
206
129
26
172
119
157
188
200
29
32
47
152
11
81
193
48
68
125
201
194
33
130
146
196
69
25
1
2
3
143
153
23
24
77
165
166
78
79
170
187
167
116
80
107
127
171
117
154
128
31
46
144
118
145
137
4
199
139
206
129
26
172
119
157
188
200
29
32
47
152
11
81
193
48
68
125
201
194
33
130
146
196
69
25
82
1
2
3
143
153
23
24
77
165
166
78
79
170
187
167
116
80
107
127
171
117
154
128
31
46
144
118
145
137
4
199
139
206
129
26
172
119
157
188
200
29
32
47
152
11
81
193
48
68
125
201
194
33
130
146
196
69
25
82
97
1
2
3
143
153
23
24
77
165
166
78
79
170
187
167
116
80
107
127
171
117
154
128
31
46
144
118
145
137
4
199
139
206
129
26
172
119
157
188
200
29
32
47
152
11
81
193
48
68
125
201
194
33
130
146
196
69
25
82
97
158
1
2
3
143
153
23
24
77
165
166
78
79
170
187
167
116
80
107
127
171
117
154
128
31
46
144
118
145
137
4
199
139
206
129
26
172
119
157
188
200
29
32
47
152
11
81
193
48
68
125
201
194
33
130
146
196
69
25
82
97
158
98
1
2
3
143
153
23
24
77
165
166
78
79
170
187
167
116
80
107
127
171
117
154
128
31
46
144
118
145
137
4
199
139
206
129
26
172
119
157
188
200
29
32
47
152
11
81
193
48
68
125
201
194
33
130
146
196
69
25
82
97
158
98
54
1
2
3
143
153
23
24
77
165
166
78
79
170
187
167
116
80
107
127
171
117
154
128
31
46
144
118
145
137
4
199
139
206
129
26
172
119
157
188
200
29
32
47
152
11
81
193
48
68
125
201
194
33
130
146
196
69
25
82
97
158
98
54
164
1
2
3
143
153
23
24
77
165
166
78
79
170
187
167
116
80
107
127
171
117
154
128
31
46
144
118
145
137
4
199
139
206
129
26
172
119
157
188
200
29
32
47
152
11
81
193
48
68
125
201
194
33
130
146
196
69
25
82
97
158
98
54
164
177
1
2
3
143
153
23
24
77
165
166
78
79
170
187
167
80
107
127
171
117
154
128
31
46
144
118
145
